################################################################################
# Symmetry function scaling data.
################################################################################
# Col  Name     Description
################################################################################
# 1    e_index  Element index.
# 2    sf_index Symmetry function index.
# 3    sf_min   Symmetry function minimum.
# 4    sf_max   Symmetry function maximum.
# 5    sf_mean  Symmetry function mean.
# 6    sf_sigma Symmetry function sigma.
#########################################################################################################################
#        1          2                        3                        4                        5                        6
#  e_index   sf_index                   sf_min                   sf_max                  sf_mean                 sf_sigma
#########################################################################################################################
         1          1   7.2421640445265417E-04   8.4135735540898662E-02   3.2441059303776380E-02   6.3130630100537502E-03
         1          2   0.0000000000000000E+00   1.5485410450678452E-01   8.3440966197204005E-05   2.2007568872520872E-03
         1          3   6.3222866790738994E-03   2.0917136534186609E-01   1.5434467413069491E-01   9.3864598957880078E-03
         1          4   0.0000000000000000E+00   8.1139451194336808E-03   9.4008913797646474E-06   6.8163115325992345E-05
         1          5   0.0000000000000000E+00   2.1083174573925261E-02   1.6950595651821847E-04   6.6789946086543426E-04
         1          6   1.9283573597047778E-02   4.1830338886801299E-01   1.8643470606832171E-01   2.9676970408567573E-02
         1          7   0.0000000000000000E+00   5.7716886897193176E-01   9.2333970389424922E-04   1.2349264192807831E-02
         1          8   7.3260786382683962E-02   5.6354177603478495E-01   3.5641788349172038E-01   3.3443641611198893E-02
         1          9   0.0000000000000000E+00   6.4670939294240545E-02   2.5478395082774089E-04   1.0566134375138336E-03
         1         10   0.0000000000000000E+00   1.1825866811104732E-01   2.1764072731894277E-03   7.0614030843856113E-03
         1         11   1.6143570737543764E-01   1.1202064676810759E+00   5.1473254366162902E-01   1.0792241074697151E-01
         1         12   0.0000000000000000E+00   1.2956771096216004E+00   6.8295201169493941E-03   4.0083114173864891E-02
         1         13   2.3161440512650072E-01   8.4344177930662778E-01   3.8981135396465166E-01   8.1383294849411258E-02
         1         14   0.0000000000000000E+00   1.8962331528386817E-01   2.9758165022267320E-03   8.2460577891872461E-03
         1         15   0.0000000000000000E+00   2.4402568733101646E-01   1.1335968558260672E-02   3.0696401752428742E-02
         1         16   1.5376510254912962E-01   1.8386477530233964E+00   8.6195595525152457E-01   2.0728513741242685E-01
         1         17   0.0000000000000000E+00   1.4943991701782131E+00   3.1029528995969505E-02   1.0620977141195595E-01
         1         18   6.0498803778185756E-02   1.0523481888040129E+00   3.5929592147124212E-01   1.0361365211207614E-01
         1         19   0.0000000000000000E+00   3.1866006928864826E-01   1.4913037193215078E-02   3.1717242366470062E-02
         1         20   0.0000000000000000E+00   3.4657647376929529E-01   2.5621129501229512E-02   5.6872002609993963E-02
         1         21   4.1984292201117421E-02   2.0017403522699198E+00   1.0324726249498954E+00   2.4322974784794291E-01
         1         22   0.0000000000000000E+00   1.4162985046259386E+00   8.2409463725330645E-02   2.0808460544105295E-01
         1         23   6.6679136488979685E-03   1.0935935682371276E+00   4.5653018799003903E-01   1.3040114944686457E-01
         1         24   0.0000000000000000E+00   4.4152749410764464E-01   3.2632490330581465E-02   5.7797089201161236E-02
         1         25   0.0000000000000000E+00   3.9066141216772027E-01   3.0543828481513755E-02   5.2045795829367775E-02
         1         26   1.3558460281426619E-02   1.7778525601036799E+00   9.6799163804114718E-01   2.2180668437450929E-01
         1         27   0.0000000000000000E+00   1.0511533578411794E+00   1.2980381572100011E-01   2.7883368875810371E-01
         1         28   3.0835996665639943E-03   9.7357747898191827E-01   5.1430342418576136E-01   1.2292106377805573E-01
         1         29   0.0000000000000000E+00   3.4697310029412454E-01   3.3438060165052345E-02   5.1096700414252766E-02
         1         30   0.0000000000000000E+00   2.6421251069473478E-01   2.7083411344304371E-02   3.8386188436009494E-02
         1         31   2.3085880936346753E-02   1.2286886791530998E+00   7.2080261262748169E-01   1.6285156530621084E-01
         1         32   0.0000000000000000E+00   9.9967170323385413E-01   1.2635273637490679E-01   2.5090670661334391E-01
         1         33   5.9290719886773043E-03   6.9825549901781159E-01   3.8089871878676768E-01   9.0221809805775752E-02
         1         34   0.0000000000000000E+00   2.0912551387316991E-01   1.9686744296099321E-02   2.6444947117753699E-02
         1         35   0.0000000000000000E+00   1.9109347619725656E-01   1.9947944397408861E-02   2.6665196370591827E-02
         1         36   1.5208182285164904E-02   6.8447891953753104E-01   3.9498056365388368E-01   9.2171858235065712E-02
         1         37   0.0000000000000000E+00   5.9568304064861943E-01   7.9442578495290239E-02   1.4894086218471592E-01
         1         38   6.1151395998202303E-03   3.5095229728298516E-01   1.9516227935500066E-01   4.9161302990440615E-02
         1         39   0.0000000000000000E+00   1.0091451467579815E-01   9.4074664208892000E-03   1.2236741460387782E-02
         1         40   0.0000000000000000E+00   1.0613418331868386E-01   1.0718832940529568E-02   1.3582970936875939E-02
         1         41   3.7244021131589730E-03   2.5588965461945784E-01   1.5045323437203403E-01   3.6726875726672589E-02
         1         42   0.0000000000000000E+00   2.4563474221447432E-01   3.2659567245224827E-02   5.8381151326203896E-02
         1         43   5.5248563686154301E-04   1.4597230837702671E-01   7.3099947366584858E-02   1.9558341934783278E-02
         1         44   0.0000000000000000E+00   4.8324967386538985E-02   3.8825001588973741E-03   5.0094043326595304E-03
         1         45   0.0000000000000000E+00   3.6863622831612104E-02   4.0274651938254930E-03   5.0201806269739961E-03
         1         46   3.6933465581083307E-04   6.4569304841643235E-02   3.7213727186098909E-02   9.5116298353062380E-03
         1         47   0.0000000000000000E+00   5.5094330343398855E-02   8.3795002677272100E-03   1.4472979701883885E-02
         1         48   1.2377793832988839E-05   3.7267155750673173E-02   1.8408074968968329E-02   5.2436028293069608E-03
         1         49   0.0000000000000000E+00   1.0925414998555502E-02   1.0649708779584129E-03   1.3480207604620554E-03
         1         50   0.0000000000000000E+00   9.4141106491844838E-03   1.0004989037871303E-03   1.2599944363245732E-03
         1         51   5.0403086529937436E-06   8.8764311998078549E-02   2.0487967182723842E-02   8.3321654838791736E-03
         1         52   0.0000000000000000E+00   8.8725196561956779E-02   1.1257173401768624E-03   3.2459165003146202E-03
         1         53   3.9610805066650186E-03   1.4553713594700707E-01   3.8962773367273301E-02   1.3170148139331869E-02
         1         54   0.0000000000000000E+00   1.5748129610378556E-02   6.3922990108736635E-04   1.1715740969138169E-03
         1         55   0.0000000000000000E+00   2.0155238703515627E-02   1.0042944261344769E-03   2.1255789223184668E-03
         1         56   0.0000000000000000E+00   9.3520973156166934E-02   6.0113515027080127E-04   2.7210910877557108E-03
         1         57   0.0000000000000000E+00   1.2635594638592748E-01   1.4054955839661665E-03   4.2032947069324915E-03
         1         58   0.0000000000000000E+00   6.1768403850670488E-03   1.1714103119154874E-05   9.1644268273355793E-05
         1         59   0.0000000000000000E+00   3.8544802201662038E-03   2.0248895514535275E-05   1.4662418966809851E-04
         1         60   2.7094849887904781E-06   6.0795414037589202E-02   1.3278040164947122E-02   5.8311102693127531E-03
         1         61   0.0000000000000000E+00   1.9045236796837610E-02   5.7313051478953059E-04   1.1667136011144291E-03
         1         62   0.0000000000000000E+00   1.5873413221753414E-02   1.0192573165729254E-03   2.1654866505316631E-03
         1         63   0.0000000000000000E+00   9.3748490094576671E-04   6.2773288359444694E-06   3.2184510191299075E-05
         1         64   0.0000000000000000E+00   3.3427726999505393E-03   2.7310342142736297E-05   1.1360023405267754E-04
         1         65   0.0000000000000000E+00   9.7855714523577991E-04   2.5474701111576810E-06   2.1923041635403411E-05
         1         66   2.5984069338909828E-05   1.8871950417913344E-01   5.4076249934513869E-02   1.8861377019226067E-02
         1         67   0.0000000000000000E+00   1.7556446006774210E-01   1.9548347061170957E-03   5.3409435728558642E-03
         1         68   3.9030966751047211E-02   3.8140096136999080E-01   1.4486945432641044E-01   3.3378560586325177E-02
         1         69   0.0000000000000000E+00   2.4425028060405782E-02   1.3955715576307371E-03   2.2756328822034588E-03
         1         70   0.0000000000000000E+00   2.9876449595018544E-02   2.4631886649371581E-03   4.0464147638144916E-03
         1         71   0.0000000000000000E+00   2.9724892860504332E-01   5.2176864564470928E-03   1.5756453235148321E-02
         1         72   0.0000000000000000E+00   8.4902203478136914E-02   1.4527400368410546E-03   3.7113639895053766E-03
         1         73   0.0000000000000000E+00   4.7019921259870302E-03   1.9591493406560308E-05   1.2926237781146923E-04
         1         74   0.0000000000000000E+00   6.3385268178235378E-03   3.6201881277711561E-05   2.5105686894279217E-04
         1         75   4.3733665624526962E-05   8.0808489019256594E-02   1.2490339565912112E-02   4.5011663793963893E-03
         1         76   0.0000000000000000E+00   3.3073093505611460E-02   1.9758058147913665E-03   3.4866986685292566E-03
         1         77   0.0000000000000000E+00   7.1004083292066124E-03   6.8664293412374917E-04   1.0056352792569127E-03
         1         78   0.0000000000000000E+00   1.7989275844563640E-03   1.1262285872753783E-05   6.2161095025810615E-05
         1         79   0.0000000000000000E+00   5.6617149822840284E-03   6.8838474739833742E-05   2.6177442781992845E-04
         1         80   0.0000000000000000E+00   9.5539359093564028E-04   3.1263706146775622E-06   2.6343742548771340E-05
         1         81   1.4752586757836375E-07   1.9017485606569969E-02   3.8419275486704673E-03   1.9163741451177271E-03
         1         82   0.0000000000000000E+00   3.1950299951239658E-02   2.2998296014572637E-04   9.4445872519118143E-04
         1         83   6.4995890502349469E-06   3.7168030446028746E-02   1.0912109669486192E-02   5.4336962027971523E-03
         1         84   0.0000000000000000E+00   4.1152903270773485E-03   5.9968882719729383E-05   1.4102219112042507E-04
         1         85   0.0000000000000000E+00   7.2711062863746768E-03   2.6454323102463796E-04   6.9648650089710912E-04
         1         86   0.0000000000000000E+00   9.4866377543645162E-03   8.6520392671375621E-06   1.7397436296871446E-04
         1         87   0.0000000000000000E+00   5.6893810774072399E-02   4.6918324513790869E-04   1.9912403694935621E-03
         1         88   0.0000000000000000E+00   2.9799329926387770E-03   1.6175029742015919E-06   2.3654636770770967E-05
         1         89   0.0000000000000000E+00   7.1656903433055231E-04   2.0565862729907165E-06   1.6629402377519335E-05
         1         90   1.9940234468793211E-08   2.7928036074833459E-02   7.1218710809755727E-03   4.3895886075517665E-03
         1         91   0.0000000000000000E+00   4.5405742473353765E-03   5.3617788116106900E-05   1.4338187665808371E-04
         1         92   0.0000000000000000E+00   1.3049708551569672E-02   6.3326260726933507E-04   1.6461392367671278E-03
         1         93   0.0000000000000000E+00   1.9722283629013080E-04   5.3435587666875353E-07   3.4706554462098406E-06
         1         94   0.0000000000000000E+00   6.0662730352092074E-04   3.3669970529511223E-06   1.7763231081748869E-05
         1         95   0.0000000000000000E+00   2.3472643319640704E-04   3.9347843866890181E-07   3.4347325284156901E-06
         1         96   1.7675078754036017E-05   9.7329103024175162E-02   3.0260784168818323E-02   9.8307545183120102E-03
         1         97   0.0000000000000000E+00   9.0136850766022986E-02   8.2269194546236363E-04   2.5799634442083192E-03
         1         98   2.6027014808566638E-02   2.3287886353915258E-01   1.0128163045304306E-01   2.2264075627167000E-02
         1         99   0.0000000000000000E+00   1.1322252539696541E-02   5.6730413878214466E-04   8.7710905502612281E-04
         1        100   0.0000000000000000E+00   1.4489081173105694E-02   1.3821499926489113E-03   2.1128156227011984E-03
         1        101   0.0000000000000000E+00   1.6908151648660508E-01   3.9318807714959674E-03   1.1142949277251870E-02
         1        102   0.0000000000000000E+00   2.9359371001214381E-02   4.6621102297132619E-04   1.2686113114488567E-03
         1        103   0.0000000000000000E+00   1.0685173739788461E-03   6.5982487261041848E-06   4.3423768261912957E-05
         1        104   0.0000000000000000E+00   2.0848183885408024E-03   1.2312299246692664E-05   8.4253564237518654E-05
         1        105   8.6109509190311045E-06   3.5636377598278549E-02   5.1806739490401323E-03   1.8733707670935940E-03
         1        106   0.0000000000000000E+00   1.5854716139326361E-02   1.0958163344949139E-03   1.8888080434418843E-03
         1        107   0.0000000000000000E+00   2.7696148272872241E-03   2.4988397158723222E-04   3.4618865897711575E-04
         1        108   0.0000000000000000E+00   5.1110488876808925E-04   3.6052552287956920E-06   2.2304682084757262E-05
         1        109   0.0000000000000000E+00   2.7488232483885524E-03   3.2782694171872848E-05   1.2054474397960656E-04
         1        110   0.0000000000000000E+00   1.9143401077886335E-04   7.5414639591384125E-07   6.0937678304177020E-06
         2          1   8.5564988734705819E-21   1.0363937784521336E-01   1.3224464198952749E-04   1.7958044301534257E-03
         2          2   1.3614990653129544E-01   1.3670376941759829E-01   1.3642652408628309E-01   1.0218738362030366E-04
         2          3   0.0000000000000000E+00   3.9255097612000715E-03   3.0432102107985919E-06   4.9824731259193460E-05
         2          4   0.0000000000000000E+00   1.3593846362333156E-04   5.0473618771646925E-08   1.1557323109683286E-06
         2          5   0.0000000000000000E+00   7.0843537256441117E-05   5.5646675472768416E-08   8.8992881422753419E-07
         2          6   3.1682544605093410E-17   2.7798766171260814E-01   1.4633906358134054E-03   9.2767187178401066E-03
         2          7   5.9734969044121833E-01   5.9874062617347434E-01   5.9804164280074801E-01   2.5006571152167713E-04
         2          8   0.0000000000000000E+00   3.9747726840852565E-02   1.0027245767358952E-04   6.7303960635647605E-04
         2          9   0.0000000000000000E+00   3.4429390107312001E-03   2.4624908453693761E-06   3.8245742713238876E-05
         2         10   0.0000000000000000E+00   2.0909793787141388E-03   2.9090225483800532E-06   3.4351466227406146E-05
         2         11   4.3292458164519627E-14   5.3526069521013908E-01   1.0824029058960157E-02   2.6912140182078416E-02
         2         12   1.2070698630788796E+00   1.2083137295040616E+00   1.2076848308827293E+00   2.5227421476259587E-04
         2         13   0.0000000000000000E+00   1.5226088644909155E-01   1.6929022535065333E-03   4.8454189715012586E-03
         2         14   0.0000000000000000E+00   3.2079040580500755E-02   5.2208265641564401E-05   5.2594351574788371E-04
         2         15   0.0000000000000000E+00   2.2704099366322495E-02   6.3828473360812163E-05   5.3457287634198181E-04
         2         16   2.1841087920762124E-11   7.5618647817098306E-01   4.9178348959640308E-02   5.4279473948369406E-02
         2         17   1.5734693081990405E+00   1.5749755250124633E+00   1.5741203220448143E+00   2.7952369769742810E-04
         2         18   0.0000000000000000E+00   3.3587298389760606E-01   1.3712477189393427E-02   1.9683394273249465E-02
         2         19   0.0000000000000000E+00   1.0995627256013428E-01   4.9504160435254955E-04   3.2379650609631453E-03
         2         20   0.0000000000000000E+00   9.0691262989273186E-02   6.0709425538216287E-04   3.5426443696441254E-03
         2         21   4.0703472521271612E-09   8.1879539693102865E-01   1.3060982540816363E-01   7.9037982572689264E-02
         2         22   1.4564999755737515E+00   1.4571171526785383E+00   1.4568084701074304E+00   1.2590937937792442E-04
         2         23   0.0000000000000000E+00   5.4630673345649816E-01   5.2796878966168186E-02   4.0954602861805460E-02
         2         24   0.0000000000000000E+00   1.3865160371663091E-01   2.1679254135153238E-03   9.6605064357865207E-03
         2         25   0.0000000000000000E+00   1.3326996552536505E-01   2.6044068255085696E-03   1.0760665579613433E-02
         2         26   2.8037978590031819E-07   8.7163071116567137E-01   2.0572459693633624E-01   8.1361410958229671E-02
         2         27   9.5946412716526785E-01   9.6015625416887163E-01   9.5986079277988379E-01   1.2628036356654345E-04
         2         28   0.0000000000000000E+00   5.3120263112449972E-01   1.0114069303939116E-01   4.6156383465606896E-02
         2         29   0.0000000000000000E+00   1.1739539153286892E-01   4.6071593880489667E-03   1.4806707386371685E-02
         2         30   0.0000000000000000E+00   1.4249031192199124E-01   5.3354077527764136E-03   1.6211019528365424E-02
         2         31   7.1436599975784222E-06   6.7461979632641123E-01   2.0025502037938522E-01   6.0071009303753919E-02
         2         32   6.0943791277323400E-01   6.0985016516278823E-01   6.0964715168360717E-01   7.5468382258662688E-05
         2         33   0.0000000000000000E+00   3.7185154662832925E-01   1.0531655452411132E-01   3.4653326873726457E-02
         2         34   0.0000000000000000E+00   9.4576068538867464E-02   5.1539858967861391E-03   1.2689952032551674E-02
         2         35   0.0000000000000000E+00   9.4238458065789427E-02   5.6942603371179911E-03   1.3474156464913191E-02
         2         36   6.7374301673430969E-05   3.4336866302874519E-01   1.2590764262011414E-01   3.3020898833742339E-02
         2         37   3.2874805380094435E-01   3.2896083411575300E-01   3.2886930407046788E-01   3.2710633029065294E-05
         2         38   0.0000000000000000E+00   2.0550984221752278E-01   6.6019528378572861E-02   1.9295347427366171E-02
         2         39   0.0000000000000000E+00   5.1892901706454643E-02   3.3726906832103306E-03   7.0552686382586082E-03
         2         40   0.0000000000000000E+00   4.5749109952915472E-02   3.5333596885493714E-03   7.2522137279728465E-03
         2         41   2.3542211913762663E-04   1.3309290327822390E-01   5.1761778113523060E-02   1.3115522392615818E-02
         2         42   1.2348454445928132E-01   1.2355199323945515E-01   1.2352116096626987E-01   1.4753944692491677E-05
         2         43   0.0000000000000000E+00   7.2478231055626022E-02   2.6402302630266404E-02   7.8040550006421745E-03
         2         44   0.0000000000000000E+00   2.2431170839828825E-02   1.3903698878593687E-03   2.7539589423710826E-03
         2         45   0.0000000000000000E+00   2.2441271329086378E-02   1.3805982513800023E-03   2.7547159777563984E-03
         2         46   3.0506877310994729E-04   3.4825202284001718E-02   1.3280575039576501E-02   3.4925932485444394E-03
         2         47   2.8015404401633352E-02   2.8028215758289687E-02   2.8021261364220933E-02   2.2692938000472932E-06
         2         48   0.0000000000000000E+00   1.7329229971651882E-02   6.5821512012381178E-03   2.1007284929292175E-03
         2         49   0.0000000000000000E+00   5.5930245958480335E-03   3.5509785654091780E-04   7.0475545039398561E-04
         2         50   0.0000000000000000E+00   5.6835555445619640E-03   3.3726210155541502E-04   6.9125301516718876E-04
         2         51   0.0000000000000000E+00   1.6701562371561157E-02   2.4323271825519343E-04   6.3642599581091434E-04
         2         52   6.0437760336646500E-08   1.0323358745315749E-01   6.5732046641232209E-03   6.0621726607750313E-03
         2         53   0.0000000000000000E+00   1.4061994752454910E-02   2.2176606891649545E-04   5.7229886296552765E-04
         2         54   0.0000000000000000E+00   1.7856459712161431E-03   7.2399311715971900E-06   2.6461615851643292E-05
         2         55   0.0000000000000000E+00   7.1367697229033841E-04   1.0037371409361342E-05   3.5307906170715693E-05
         2         56   9.7801330004337647E-02   9.8074565226463448E-02   9.7933774033083398E-02   5.0377372037884958E-05
         2         57   0.0000000000000000E+00   3.6457097421742198E-02   2.3000365547278128E-03   2.0217730229942985E-03
         2         58   0.0000000000000000E+00   1.0007307306472469E-02   9.3547379390614266E-05   3.9935461678427902E-04
         2         59   0.0000000000000000E+00   8.2909515755720566E-03   1.1147744766846751E-04   4.4060885895006401E-04
         2         60   0.0000000000000000E+00   2.7800944187096367E-03   3.9089402642347189E-05   1.1275173631056384E-04
         2         61   0.0000000000000000E+00   7.8571487727410359E-04   4.7376465059966027E-06   1.7398812618730520E-05
         2         62   0.0000000000000000E+00   1.7236875776516927E-04   3.0803205263379142E-06   9.7218038963192251E-06
         2         63   0.0000000000000000E+00   1.7841308488426343E-05   1.0326952576989664E-08   1.9810251740726051E-07
         2         64   0.0000000000000000E+00   2.7744446623578659E-04   7.1508414390712910E-07   5.5951218173910097E-06
         2         65   0.0000000000000000E+00   1.8908686390215735E-05   1.1646213214876518E-08   2.6595965663038543E-07
         2         66   0.0000000000000000E+00   5.9267390901614682E-02   2.1979333004210236E-03   2.5274409856169914E-03
         2         67   4.0522536329226845E-07   2.2108703776381533E-01   1.1871164217288887E-02   1.1441573168307330E-02
         2         68   0.0000000000000000E+00   9.7481778230258734E-02   4.3082191843946223E-03   4.5169920888979680E-03
         2         69   0.0000000000000000E+00   6.7210275081642373E-03   4.2375954088256432E-05   1.4269685374872622E-04
         2         70   0.0000000000000000E+00   4.9107763720386529E-03   7.9430825175010871E-05   2.6096136772228620E-04
         2         71   2.4272277733274211E-01   2.4311884039499182E-01   2.4292396607183556E-01   9.0917693502444690E-05
         2         72   0.0000000000000000E+00   6.0170422911527868E-02   3.9402367968869182E-03   3.3318257657791246E-03
         2         73   0.0000000000000000E+00   1.0758543316586404E-02   1.5795967439277215E-04   5.5623278174153439E-04
         2         74   0.0000000000000000E+00   8.8697383310902597E-03   1.8879919121736466E-04   6.2164966918015090E-04
         2         75   0.0000000000000000E+00   1.5624237665653400E-02   2.2522278934872041E-04   5.9599582633967560E-04
         2         76   0.0000000000000000E+00   5.0546009519124094E-03   4.2611406879609780E-05   1.4482157805251463E-04
         2         77   0.0000000000000000E+00   7.9148933103615653E-04   1.5367586700944809E-05   4.5324734723492639E-05
         2         78   0.0000000000000000E+00   5.5769961579502568E-05   5.1749975630868450E-08   8.9033055053509267E-07
         2         79   0.0000000000000000E+00   1.6297739627109758E-03   4.9806233537815147E-06   3.5314572235948331E-05
         2         80   0.0000000000000000E+00   3.3947784114497160E-05   2.5279354387922119E-08   5.1617153126349754E-07
         2         81   0.0000000000000000E+00   1.6564374666544037E-03   4.0274170968682392E-06   5.3636233260563879E-05
         2         82   4.1804785524439587E-10   2.0658209943845332E-02   7.5914577620893179E-04   1.0014064824537133E-03
         2         83   0.0000000000000000E+00   4.8970260816426142E-04   1.7776143020160671E-06   1.5793902647311821E-05
         2         84   0.0000000000000000E+00   3.5236218795369707E-05   4.2737840303305588E-08   2.6232214301404500E-07
         2         85   0.0000000000000000E+00   2.0227355183475555E-05   5.0803248000917609E-08   2.4170807567356258E-07
         2         86   3.0379954543784005E-02   3.0487145402923341E-02   3.0432645664457462E-02   1.9433276648661436E-05
         2         87   0.0000000000000000E+00   4.7824465901081768E-03   2.4085204368549790E-04   2.5161182389118997E-04
         2         88   0.0000000000000000E+00   1.2707490891419567E-03   9.5812047639220304E-06   4.7038352654692469E-05
         2         89   0.0000000000000000E+00   1.0469965158816344E-03   1.1463574049566595E-05   5.1691335076238989E-05
         2         90   0.0000000000000000E+00   3.9900991366766349E-05   2.5613033425805949E-07   1.3787236720828198E-06
         2         91   0.0000000000000000E+00   4.7193975175503955E-06   1.1213204492732111E-08   5.3480750517024835E-08
         2         92   0.0000000000000000E+00   6.1288443690141615E-06   2.0763330558021538E-08   8.8895200806327509E-08
         2         93   0.0000000000000000E+00   3.5248274067249782E-07   1.4963156151272916E-10   3.8013741768792610E-09
         2         94   0.0000000000000000E+00   8.7844148410252260E-07   2.3830549248684467E-09   1.9717441740099017E-08
         2         95   0.0000000000000000E+00   8.8190255648853942E-07   4.1044289034095752E-10   1.1255755930486003E-08
         2         96   0.0000000000000000E+00   3.3884983118834811E-02   1.6815602074318531E-03   1.6608526082082591E-03
         2         97   2.7573854589341808E-07   1.1881331916568393E-01   4.2880135349820190E-03   5.3593104622014776E-03
         2         98   0.0000000000000000E+00   7.1373257608470742E-02   3.8044297401459140E-03   3.5494497371252784E-03
         2         99   0.0000000000000000E+00   3.5829264264139295E-03   2.6919074181164728E-05   8.9758087203963916E-05
         2        100   0.0000000000000000E+00   3.3125491974701458E-03   5.6808860414776911E-05   1.8348966263814277E-04
         2        101   1.5775510862564276E-01   1.5800222898880917E-01   1.5787276495428348E-01   5.6478818741310755E-05
         2        102   0.0000000000000000E+00   2.4429415792129670E-02   1.2834230767512214E-03   1.1915984714353978E-03
         2        103   0.0000000000000000E+00   2.7671457495974808E-03   5.0147566517319560E-05   1.5826309423359417E-04
         2        104   0.0000000000000000E+00   2.7131623929919722E-03   6.0196433591336024E-05   1.7869502280477788E-04
         2        105   0.0000000000000000E+00   9.9226422963589779E-03   1.4215969177143293E-04   3.6916168016368754E-04
         2        106   0.0000000000000000E+00   3.8048988860192074E-03   3.1332359878824533E-05   1.0468806257148761E-04
         2        107   0.0000000000000000E+00   4.6433933658635929E-04   9.0108706869818181E-06   2.5894066226091122E-05
         2        108   0.0000000000000000E+00   2.4477423533241372E-05   3.1712661816032807E-08   5.5979985695610245E-07
         2        109   0.0000000000000000E+00   1.0263206817044798E-03   3.3615729127014912E-06   2.3000139929553011E-05
         2        110   0.0000000000000000E+00   9.2047641553427189E-06   8.3488708688940925E-09   1.5414268178209007E-07
         3          1   8.1909099674249530E-02   4.4214569002629223E-01   3.0868934826138983E-01   1.4631884639516044E-02
         3          2   0.0000000000000000E+00   7.8623222369358873E-03   3.8402826233268527E-06   8.2016679552230292E-05
         3          3   1.2725170414143220E-10   7.2504326750466273E-03   1.4966408805021668E-04   1.9391926261227459E-04
         3          4   0.0000000000000000E+00   8.7739671300352002E-03   9.5749021222012260E-05   2.7238975037883079E-04
         3          5   0.0000000000000000E+00   1.6352915604665817E-04   1.1665636105404806E-06   3.9476043973289070E-06
         3          6   3.5024598547816344E-01   9.8275456743177214E-01   7.1283576698344053E-01   4.8272457718281640E-02
         3          7   0.0000000000000000E+00   8.9286861815672941E-02   1.2653564825583074E-04   1.2015868108535249E-03
         3          8   3.9479163065490901E-08   9.7263970319946089E-02   4.4428234410126962E-03   3.4040971191816862E-03
         3          9   0.0000000000000000E+00   6.8066124416307258E-02   1.7299427507084788E-03   4.1965528302296299E-03
         3         10   0.0000000000000000E+00   3.9612933912201807E-03   5.6755452359639433E-05   1.5489261477327792E-04
         3         11   4.5846088623236947E-01   1.3071138367516650E+00   7.7962270792930299E-01   1.2543876372390239E-01
         3         12   0.0000000000000000E+00   4.2456568667724265E-01   2.1363043157725126E-03   9.5518580506835527E-03
         3         13   4.5572954057624200E-06   4.8554627059186656E-01   5.2503891741515145E-02   2.5969012997695964E-02
         3         14   0.0000000000000000E+00   2.1102345922550242E-01   1.2255026803818047E-02   2.6195641106781218E-02
         3         15   0.0000000000000000E+00   3.5300747970230389E-02   1.0803648442633633E-03   2.4447636131838218E-03
         3         16   1.3380254365904454E-01   1.7918027288204967E+00   7.1859184294248446E-01   1.8230861473207682E-01
         3         17   0.0000000000000000E+00   9.6480783007512372E-01   1.7304025757515634E-02   4.8402377356181615E-02
         3         18   1.9678442610446281E-04   9.8488630258004128E-01   2.5340357446649675E-01   8.4778554995717528E-02
         3         19   0.0000000000000000E+00   4.3321622680760474E-01   3.4741115295665960E-02   6.7074483746851377E-02
         3         20   0.0000000000000000E+00   1.4979492809590733E-01   8.1600952812770546E-03   1.5639879257201787E-02
         3         21   1.7019038364985351E-02   1.8830397957278442E+00   9.1306037598007850E-01   2.2883163993388625E-01
         3         22   0.0000000000000000E+00   1.2343158233695157E+00   6.6625347187718661E-02   1.4962673180104061E-01
         3         23   3.2048798728071207E-03   1.1715194208304578E+00   5.3195660103996423E-01   1.2893895471587585E-01
         3         24   0.0000000000000000E+00   5.0560730702105150E-01   4.1835863248868593E-02   7.3572493895246213E-02
         3         25   0.0000000000000000E+00   3.0478451912627902E-01   2.5180413304507640E-02   4.1445612713870858E-02
         3         26   1.3879149265108951E-02   1.8105964557040188E+00   1.0286068483715232E+00   2.2748675784043687E-01
         3         27   0.0000000000000000E+00   1.0260211876548626E+00   1.2763129034339163E-01   2.6046856066943491E-01
         3         28   1.9334955673621302E-02   1.0540425375852380E+00   5.5931357665344672E-01   1.2745492839888431E-01
         3         29   0.0000000000000000E+00   2.9860596164604508E-01   2.6808454636224908E-02   4.0944253156063183E-02
         3         30   0.0000000000000000E+00   3.3133203672997319E-01   3.3969457834716041E-02   4.8352258203934871E-02
         3         31   4.1243612087363608E-02   1.2469249479206197E+00   7.6179743757353535E-01   1.6650016302648218E-01
         3         32   0.0000000000000000E+00   9.9977083957942103E-01   1.3290088632472946E-01   2.5742604629490251E-01
         3         33   1.4497616874434875E-02   7.1042940643208552E-01   3.7465824623830873E-01   9.0014595443146314E-02
         3         34   0.0000000000000000E+00   1.8185357610603112E-01   1.5826649609206812E-02   2.2018354347562611E-02
         3         35   0.0000000000000000E+00   1.8752819334852064E-01   2.3524136672913729E-02   2.9591006140931263E-02
         3         36   2.1058508434608551E-02   6.2650478303811197E-01   3.9032455871000138E-01   9.0205964392494190E-02
         3         37   0.0000000000000000E+00   5.9563675215178491E-01   8.3311250314823213E-02   1.5505333091912363E-01
         3         38   2.4290497932000599E-03   3.3905047826290180E-01   1.9240383205443809E-01   4.9534259649279024E-02
         3         39   0.0000000000000000E+00   9.6233395990109480E-02   9.7274443979016977E-03   1.2975516030971959E-02
         3         40   0.0000000000000000E+00   9.1037701524214254E-02   1.1031143164575458E-02   1.3358984631074816E-02
         3         41   1.5462902892075204E-03   2.5365272535318717E-01   1.4619989473316972E-01   3.5786293614792714E-02
         3         42   0.0000000000000000E+00   2.4565523289710137E-01   3.3317548569943130E-02   5.9984848181123804E-02
         3         43   5.3553535490465153E-04   1.4635793148100126E-01   7.2972575605282447E-02   2.0301908742904717E-02
         3         44   0.0000000000000000E+00   3.7498023705238165E-02   4.1494699887652670E-03   5.2378267415439488E-03
         3         45   0.0000000000000000E+00   4.0805223747738338E-02   4.0850175876545906E-03   4.9938722219709667E-03
         3         46   5.8700408005586365E-04   6.5118359839182280E-02   3.6816149937936637E-02   9.4158985521940030E-03
         3         47   0.0000000000000000E+00   5.5093003788689275E-02   8.3061369840736372E-03   1.4521103096616906E-02
         3         48   1.6883807532034803E-05   3.6763622118111149E-02   1.8022343990248876E-02   5.2360070044585715E-03
         3         49   0.0000000000000000E+00   1.2460034491210440E-02   1.0471556558790704E-03   1.3118897087567077E-03
         3         50   0.0000000000000000E+00   1.0895681225152609E-02   1.0386912017780804E-03   1.2853936412307399E-03
         3         51   1.9785044814001562E-02   1.7221078730947242E-01   8.1125683549214511E-02   1.9904372444789546E-02
         3         52   0.0000000000000000E+00   7.7008751746204127E-02   1.9370427517594552E-03   4.5990964088318603E-03
         3         53   1.0243985721106218E-04   1.0528712910944081E-01   1.9634444208800339E-02   7.2627681361431620E-03
         3         54   0.0000000000000000E+00   3.4155505674970811E-02   2.5978729399581740E-03   4.8314570621193357E-03
         3         55   0.0000000000000000E+00   1.0027115425033480E-02   6.5368023967576211E-04   1.0540698283375313E-03
         3         56   0.0000000000000000E+00   2.3221209532208326E-02   3.2780185347565963E-04   8.7541328779782248E-04
         3         57   0.0000000000000000E+00   2.9585175139334421E-02   2.1154013416398873E-04   8.0969552217864335E-04
         3         58   0.0000000000000000E+00   5.3771065382040226E-03   2.2622119194925852E-05   1.4528358436863040E-04
         3         59   0.0000000000000000E+00   1.1369760212017049E-03   7.0657915679320062E-06   4.4941420292662878E-05
         3         60   5.6190180924084346E-12   1.5436180266200215E-02   1.2103105478857724E-03   7.0376732014347087E-04
         3         61   0.0000000000000000E+00   1.0957760965698620E-02   3.1426377041484093E-04   6.1010970890153422E-04
         3         62   0.0000000000000000E+00   1.2027507285363940E-03   8.9654773216418904E-05   1.3764991306465231E-04
         3         63   0.0000000000000000E+00   2.0495470161189331E-03   1.7722644798038806E-05   9.3681909009846263E-05
         3         64   0.0000000000000000E+00   1.6136945338973525E-03   2.3933561701660264E-05   7.6997992320021585E-05
         3         65   0.0000000000000000E+00   2.4347445082240993E-04   1.0170271391402395E-06   6.7356303568085683E-06
         3         66   1.4828174226470932E-02   2.7635225889487397E-01   1.0270654414446916E-01   2.7427254402136801E-02
         3         67   0.0000000000000000E+00   1.9504136089457841E-01   3.7794284898549869E-03   9.4123202089611228E-03
         3         68   2.5459457251129236E-04   2.9300430636326280E-01   8.3439074714636602E-02   2.6319007079582731E-02
         3         69   0.0000000000000000E+00   3.7966619492217073E-02   2.4999997192036191E-03   4.2210904999428495E-03
         3         70   0.0000000000000000E+00   3.5140382623895017E-02   2.7581202617175883E-03   4.4047705561336093E-03
         3         71   0.0000000000000000E+00   1.3569661198195795E-01   3.6095556829803888E-03   8.4421039013376446E-03
         3         72   0.0000000000000000E+00   4.5679358645929785E-02   4.5554064417656842E-04   1.7248458508127692E-03
         3         73   0.0000000000000000E+00   4.9848365067693672E-03   3.7128517255522723E-05   2.3226520652925732E-04
         3         74   0.0000000000000000E+00   2.4308854631167661E-03   1.6213959962307727E-05   1.0157868537288117E-04
         3         75   1.1591300632537191E-11   3.6059029199619168E-02   3.4317360666622355E-03   1.8330548155656194E-03
         3         76   0.0000000000000000E+00   2.3765775893461613E-02   1.1716638868410811E-03   2.0690464035671898E-03
         3         77   0.0000000000000000E+00   2.7493391650410086E-03   2.4558306404517087E-04   3.4621063447421270E-04
         3         78   0.0000000000000000E+00   2.3310051012804863E-03   2.0874766792958549E-05   1.1933690267393841E-04
         3         79   0.0000000000000000E+00   4.5788617254311527E-03   7.1237350714581667E-05   2.3089875814331741E-04
         3         80   0.0000000000000000E+00   4.5147516610951379E-04   1.8151788442280074E-06   1.2996570015030017E-05
         3         81   3.0038124662452822E-03   5.0787904201712829E-02   2.1477733166102915E-02   6.4294797936557567E-03
         3         82   0.0000000000000000E+00   2.0710031559111497E-02   3.7581407044704238E-04   1.0329936692088512E-03
         3         83   9.8358643015396380E-06   2.6614569648646971E-02   4.1995371525776343E-03   1.6311107456232212E-03
         3         84   0.0000000000000000E+00   1.2000908780138049E-02   7.9860694844378281E-04   1.5909925648664182E-03
         3         85   0.0000000000000000E+00   2.3135787044491979E-03   1.0988163610495647E-04   2.0424113943603959E-04
         3         86   0.0000000000000000E+00   4.7548909518858450E-04   1.5114418035876104E-06   7.9182056282390652E-06
         3         87   0.0000000000000000E+00   5.4858585537746465E-03   1.6623822359795383E-05   8.6111583772049340E-05
         3         88   0.0000000000000000E+00   2.4713223547099231E-03   2.8162062320355580E-06   2.6960525184025432E-05
         3         89   0.0000000000000000E+00   8.5696358663307944E-05   4.1973676656772870E-07   2.8486376803746757E-06
         3         90   5.7082832542996650E-15   2.4924949082630299E-03   8.9493570875331265E-05   8.1405456198232318E-05
         3         91   0.0000000000000000E+00   1.8021250600197371E-03   2.4222687880437608E-05   5.6750002894625319E-05
         3         92   0.0000000000000000E+00   1.5190447210490680E-04   5.2304209194674725E-06   1.0078316631504101E-05
         3         93   0.0000000000000000E+00   4.5937909945686169E-04   2.9358115548665415E-06   1.6245116499732090E-05
         3         94   0.0000000000000000E+00   2.4378992025590347E-04   2.0827318203238188E-06   8.0559043504062659E-06
         3         95   0.0000000000000000E+00   2.5513801061894648E-05   8.5779254845561967E-08   5.8529240474161759E-07
         3         96   5.6854975152775529E-04   1.1857515792112226E-01   4.5175327654654845E-02   1.3531206164115173E-02
         3         97   0.0000000000000000E+00   1.1596282196586893E-01   1.7636766735264859E-03   5.0883025498623200E-03
         3         98   1.8178182472318910E-04   1.8802650720452085E-01   6.3626376632668888E-02   1.9288131659320615E-02
         3         99   0.0000000000000000E+00   1.4661715335329704E-02   7.7013706264845386E-04   1.2001540351366711E-03
         3        100   0.0000000000000000E+00   2.5188660040449042E-02   1.9812863130510001E-03   3.2753243150739236E-03
         3        101   0.0000000000000000E+00   9.1069117538519581E-02   2.8473507381628891E-03   6.5191237295452505E-03
         3        102   0.0000000000000000E+00   1.9633392471718608E-02   1.7688725646848355E-04   7.0365177346618164E-04
         3        103   0.0000000000000000E+00   1.6580090390881635E-03   1.2012218940197448E-05   7.8029423997998435E-05
         3        104   0.0000000000000000E+00   1.0569402581472730E-03   6.3571800917530569E-06   3.9862913766507181E-05
         3        105   3.5412936411805040E-12   1.8561663032415601E-02   1.6635113856113797E-03   8.7201212739329071E-04
         3        106   0.0000000000000000E+00   1.2303029709632931E-02   6.6820688978342052E-04   1.1322900978935483E-03
         3        107   0.0000000000000000E+00   1.1469168037346268E-03   1.1050604764883574E-04   1.4872456614090573E-04
         3        108   0.0000000000000000E+00   6.3216314754445141E-04   4.9272277070077866E-06   2.9570497134096740E-05
         3        109   0.0000000000000000E+00   2.0517705330422619E-03   3.6000623713219080E-05   1.1734069556698416E-04
         3        110   0.0000000000000000E+00   1.3576113892414609E-04   5.7061983756060066E-07   4.4082571421296828E-06
         4          1   8.7716469064787122E-06   1.5742034104906270E-02   3.2467117018127614E-04   4.9189334623881461E-04
         4          2   0.0000000000000000E+00   2.2168150614446030E-04   1.0998675114420958E-06   7.7525153467345684E-06
         4          3   8.0836521080485181E-05   2.1062189510403527E-02   1.6534042096676596E-03   9.5164081429293507E-04
         4          4   0.0000000000000000E+00   5.0400540111359675E-05   6.6026649867722028E-07   3.7824826529817586E-06
         4          5   0.0000000000000000E+00   1.3876003525240630E-03   3.1320281434141350E-05   8.0845178663919003E-05
         4          6   5.6709687625879426E-04   1.6039651425312693E-01   8.7992723367390172E-03   6.8442092888025743E-03
         4          7   0.0000000000000000E+00   6.3563920058782386E-03   5.3659986027528198E-05   2.8234709776572630E-04
         4          8   2.8736232030935802E-03   1.8099389597958732E-01   2.9872834103163447E-02   1.2298731359274707E-02
         4          9   0.0000000000000000E+00   1.6085339990897832E-03   2.8571946916949540E-05   1.3879349625582009E-04
         4         10   0.0000000000000000E+00   1.9186604328193500E-02   8.3251054497825996E-04   1.6953586531871160E-03
         4         11   1.2677728986353333E-02   6.6374711870843628E-01   1.0277342722014229E-01   4.5603618751794986E-02
         4         12   0.0000000000000000E+00   7.2123681802786152E-02   1.1376670943227805E-03   4.4507748660153820E-03
         4         13   2.9429770375353773E-02   6.1023730420808586E-01   2.1162109699315132E-01   6.3963815696612331E-02
         4         14   0.0000000000000000E+00   1.8929109326500822E-02   5.1234402359631314E-04   1.9406401003008928E-03
         4         15   0.0000000000000000E+00   1.0326626115308032E-01   8.8836773299640955E-03   1.4447836101504350E-02
         4         16   1.1091610753565150E-01   1.2857411105937411E+00   5.1503980217238177E-01   1.4811333674296859E-01
         4         17   0.0000000000000000E+00   3.4510161028821840E-01   1.0787421046683456E-02   3.3326187923850337E-02
         4         18   1.2227780157409618E-01   1.1790618496395502E+00   5.9991324762699660E-01   1.4092981542362859E-01
         4         19   0.0000000000000000E+00   8.2941006402996509E-02   4.1189057837136044E-03   1.0847315481922467E-02
         4         20   0.0000000000000000E+00   3.1552395875235845E-01   3.8846533204057745E-02   5.1277428487112427E-02
         4         21   3.8901435819522601E-01   2.0234517787639210E+00   1.1270025781134283E+00   2.4222195127123156E-01
         4         22   0.0000000000000000E+00   7.7739259750068890E-01   4.7241128882453090E-02   1.2713558151726506E-01
         4         23   1.7801240042943536E-01   1.1940828819093092E+00   7.2242610449638323E-01   1.5924467094349873E-01
         4         24   0.0000000000000000E+00   1.5175025906593465E-01   1.6381930055220796E-02   2.7301906574963029E-02
         4         25   0.0000000000000000E+00   4.9901502134861109E-01   7.2324827464482683E-02   7.9144139359954263E-02
         4         26   3.0115129722527251E-01   1.8206843860620026E+00   1.1548239080549025E+00   2.3292080768632367E-01
         4         27   0.0000000000000000E+00   9.7297576826881060E-01   1.0039432587300424E-01   2.5021053720896563E-01
         4         28   7.3915239078293074E-02   8.2881791579268804E-01   4.6293122566174683E-01   1.1911096289613576E-01
         4         29   0.0000000000000000E+00   2.1243876513249890E-01   3.4576059599774833E-02   3.8101296457314707E-02
         4         30   0.0000000000000000E+00   3.0987477464324337E-01   6.3487549816550179E-02   5.7721659565951960E-02
         4         31   1.4981902424301666E-01   1.1733754673259151E+00   6.7990555889543169E-01   1.5602987460112377E-01
         4         32   0.0000000000000000E+00   9.9958904567470519E-01   1.1231018857499017E-01   2.6256852325153868E-01
         4         33   1.6967999447983287E-02   5.7749575112889240E-01   2.7329625676405028E-01   8.0866399894808080E-02
         4         34   0.0000000000000000E+00   1.6485307635982299E-01   3.9082566433408593E-02   3.4200768525501239E-02
         4         35   0.0000000000000000E+00   1.5166795049838988E-01   3.6159782727929773E-02   2.6858823142409477E-02
         4         36   2.9659236323722776E-02   5.3395567587614490E-01   3.2489824719021726E-01   8.4388232837234844E-02
         4         37   0.0000000000000000E+00   5.9562692634954451E-01   7.3494094516763100E-02   1.6117807231983111E-01
         4         38   5.0631520106359362E-03   3.1715403223371491E-01   1.6797453709220012E-01   4.9804030162077823E-02
         4         39   0.0000000000000000E+00   9.7391341263143194E-02   2.3451036388370764E-02   1.9137287420115959E-02
         4         40   0.0000000000000000E+00   8.2963602252924526E-02   2.0722145186689467E-02   1.5388294197330761E-02
         4         41   4.2856421389796586E-03   2.3244215787259770E-01   1.3408684548057806E-01   3.6317416106744639E-02
         4         42   0.0000000000000000E+00   2.4492606542192541E-01   3.0297464413289416E-02   6.2813619637833912E-02
         4         43   2.6799474459148465E-03   1.3083605191156580E-01   7.1653485954766630E-02   2.0954438138897857E-02
         4         44   0.0000000000000000E+00   3.4836542206176345E-02   7.6717348027588077E-03   6.4678414154896958E-03
         4         45   0.0000000000000000E+00   3.7565200854647998E-02   9.7533315657095682E-03   7.2327663644449116E-03
         4         46   2.1539688190758287E-04   6.2923939857205347E-02   3.6780059165452787E-02   1.0249149859633055E-02
         4         47   0.0000000000000000E+00   5.5090753843188935E-02   7.7379154753903891E-03   1.5392720873361718E-02
         4         48   4.0324869904670511E-04   3.4376990048828569E-02   1.8082394446552512E-02   5.4150134608103419E-03
         4         49   0.0000000000000000E+00   7.2472378086297449E-03   1.4464091917129503E-03   1.3709677814795135E-03
         4         50   0.0000000000000000E+00   1.0346928382269319E-02   2.6205503793919065E-03   1.9385830359337482E-03
         4         51   3.8717274132553332E-04   3.2038291982403024E-02   5.9946327066952724E-03   2.9569264676687179E-03
         4         52   0.0000000000000000E+00   9.7284014496501949E-03   2.9036440555974203E-04   7.2859397740483679E-04
         4         53   6.5367417216603168E-04   5.6214064933168606E-02   1.0761330157156936E-02   5.2688308997794414E-03
         4         54   0.0000000000000000E+00   3.2343848583655469E-03   2.5295106249350268E-04   4.1594499760294807E-04
         4         55   0.0000000000000000E+00   5.0801821064269097E-03   7.1601180074184199E-04   7.7230499049001143E-04
         4         56   0.0000000000000000E+00   5.7648345274316556E-03   2.1521484325059324E-04   6.1560323379679361E-04
         4         57   0.0000000000000000E+00   7.3906220849990784E-03   3.3337921096219576E-04   8.4607244583504468E-04
         4         58   0.0000000000000000E+00   7.6687964876983100E-05   8.3009368237935552E-07   5.1603318573795464E-06
         4         59   0.0000000000000000E+00   3.2114937928556493E-03   4.0923787370716513E-05   1.9428088881385538E-04
         4         60   3.2839708365015484E-05   2.1503410877822038E-02   4.7606085088287209E-03   2.4927043226956238E-03
         4         61   0.0000000000000000E+00   3.0162888445118947E-03   2.2760755585940837E-04   4.1531178705160311E-04
         4         62   0.0000000000000000E+00   3.7331621968104516E-03   5.8970471262718874E-04   6.0934417413833716E-04
         4         63   0.0000000000000000E+00   6.9288285557997622E-05   1.4993957414835185E-06   5.4903463721323513E-06
         4         64   0.0000000000000000E+00   7.9942824412820260E-04   2.4059241845337313E-05   5.5798567009064704E-05
         4         65   0.0000000000000000E+00   8.1824682597836167E-04   1.4908879290461562E-05   5.4693075845883813E-05
         4         66   5.0783699017938983E-03   9.7457218266762582E-02   2.9142533759805987E-02   1.1102335519460044E-02
         4         67   0.0000000000000000E+00   3.6979161836483629E-02   7.9081228786582287E-04   2.0098858706731216E-03
         4         68   1.8171584078238153E-02   2.3206663109801318E-01   7.7269273262421612E-02   2.4142188207364093E-02
         4         69   0.0000000000000000E+00   8.9042953182166210E-03   9.5855261347905184E-04   1.2595541964868018E-03
         4         70   0.0000000000000000E+00   1.6027324765764007E-02   2.6046040459642562E-03   2.4300871636378984E-03
         4         71   0.0000000000000000E+00   5.0389230378267202E-02   2.5250724997906561E-03   6.8138593834523439E-03
         4         72   0.0000000000000000E+00   2.4593409836150770E-02   6.9840108899957298E-04   1.7260333798232996E-03
         4         73   0.0000000000000000E+00   1.7265393973544220E-04   1.8753353400508789E-06   1.1271338199576706E-05
         4         74   0.0000000000000000E+00   6.0117864554370855E-03   8.3191023174707118E-05   3.8061112860349617E-04
         4         75   1.4948577527608897E-04   5.0765036718245400E-02   8.0689693417474069E-03   4.2622019898774493E-03
         4         76   0.0000000000000000E+00   9.9551010084280890E-03   1.1054008027087323E-03   1.5893339296033293E-03
         4         77   0.0000000000000000E+00   5.6158716411644867E-03   1.0537166531334784E-03   9.1442995738739324E-04
         4         78   0.0000000000000000E+00   1.6445308686253228E-04   4.4151298800778722E-06   1.5679413863913030E-05
         4         79   0.0000000000000000E+00   2.5246617900300675E-03   1.1582555109315738E-04   2.4518647004954903E-04
         4         80   0.0000000000000000E+00   8.0331243376869580E-04   1.7961045658183014E-05   6.5674909315269561E-05
         4         81   5.9058347078903867E-06   5.0654517159618015E-03   3.4529531196474784E-04   2.4670870623832449E-04
         4         82   0.0000000000000000E+00   7.0592474124576900E-04   1.7385817082593778E-05   4.8875382806553765E-05
         4         83   2.0330029038531616E-05   7.3463511666962897E-03   9.5666090703272293E-04   5.7188428338514861E-04
         4         84   0.0000000000000000E+00   1.9656518627676840E-04   7.6076980613834439E-06   2.1104644758955485E-05
         4         85   0.0000000000000000E+00   6.5238755779035474E-04   4.9343765125703245E-05   6.7609178786300200E-05
         4         86   0.0000000000000000E+00   4.3940305666834389E-05   7.9655424305607523E-07   2.8603150423807211E-06
         4         87   0.0000000000000000E+00   6.6992538202298023E-04   2.7285662837702396E-05   7.7373390643474904E-05
         4         88   0.0000000000000000E+00   5.9141586102065613E-06   4.6970433952292149E-08   3.2577807894401860E-07
         4         89   0.0000000000000000E+00   3.0003704393225406E-04   3.1223906236664255E-06   1.6451063604754234E-05
         4         90   4.5333514894705651E-07   3.5046447305792272E-03   6.5384725650686744E-04   3.7195063891561032E-04
         4         91   0.0000000000000000E+00   2.5125101939877943E-04   8.8712414792006461E-06   2.5711598261276763E-05
         4         92   0.0000000000000000E+00   6.2855922574941872E-04   7.1466864253451326E-05   9.2121389684041431E-05
         4         93   0.0000000000000000E+00   2.7180197880949196E-06   4.0689531289510430E-08   1.8894895454855399E-07
         4         94   0.0000000000000000E+00   2.9230394679975344E-05   4.1198902845320571E-07   1.3978562015941956E-06
         4         95   0.0000000000000000E+00   1.2470994626803707E-04   2.0849168883744347E-06   8.8972752259767676E-06
         4         96   3.8832448595301811E-03   5.8913126385658349E-02   1.9156835947863514E-02   6.5908763463269158E-03
         4         97   0.0000000000000000E+00   2.2721054868459097E-02   3.7049007909786895E-04   1.0224630161393522E-03
         4         98   1.6035941237069914E-02   1.5943489372591796E-01   6.1330042961372240E-02   1.6971425993892522E-02
         4         99   0.0000000000000000E+00   4.3312799885573371E-03   5.0893382573419601E-04   6.0076774835505424E-04
         4        100   0.0000000000000000E+00   8.9219448413436955E-03   1.5018232360338958E-03   1.3260153061503657E-03
         4        101   0.0000000000000000E+00   3.7696885064572118E-02   2.0162116743905859E-03   5.3871202107281021E-03
         4        102   0.0000000000000000E+00   1.3045963230202361E-02   2.6999500427592649E-04   7.0777654988808799E-04
         4        103   0.0000000000000000E+00   8.8726746052334389E-05   7.2235363675059043E-07   4.4901949969341815E-06
         4        104   0.0000000000000000E+00   2.1271994357608712E-03   3.0255506376117325E-05   1.3664877308757948E-04
         4        105   3.3639092441376786E-05   2.3322527577722459E-02   2.8722934131093268E-03   1.5658774885145097E-03
         4        106   0.0000000000000000E+00   5.4455709879107717E-03   6.7963841799901592E-04   8.8639070536078327E-04
         4        107   0.0000000000000000E+00   1.7041757890072418E-03   3.7887179505301840E-04   2.8894580149263624E-04
         4        108   0.0000000000000000E+00   9.0531593167971587E-05   1.9453254130287047E-06   7.0799237991396573E-06
         4        109   0.0000000000000000E+00   1.2384278428583914E-03   6.8538151806088520E-05   1.4066217030188824E-04
         4        110   0.0000000000000000E+00   1.5422194432456748E-04   3.7886559564387289E-06   1.4224842197563455E-05
         5          1   1.9852137895519170E-05   2.5359470074477631E-02   5.8540935143582412E-03   2.9142273583842881E-03
         5          2   0.0000000000000000E+00   1.1546379098232779E-04   1.2125932707373157E-06   6.3046004593166910E-06
         5          3   4.9009996873412511E-07   1.9373876794458679E-04   2.0144343617262084E-05   1.4184831135409404E-05
         5          4   0.0000000000000000E+00   1.3876003525167967E-03   3.1320281434141344E-05   8.3149271188761822E-05
         5          5   0.0000000000000000E+00   1.3440053113672833E-06   1.4111448079896747E-08   7.8302064726316779E-08
         5          6   9.8909854712932784E-04   2.0713613008748111E-01   7.5164861249055512E-02   2.7636916086729375E-02
         5          7   0.0000000000000000E+00   3.8288471355179352E-03   6.3390330808081924E-05   2.6580135673804825E-04
         5          8   4.4248034550632206E-05   5.4122551080439743E-03   9.8005914478681679E-04   5.0370448430745449E-04
         5          9   0.0000000000000000E+00   1.9186604320831857E-02   8.3251054497825996E-04   1.8052405169541852E-03
         5         10   0.0000000000000000E+00   9.0436556955104580E-05   1.2778347424363047E-06   6.1702140519576648E-06
         5         11   1.8971992468610574E-02   7.3720486930372597E-01   3.9150140431053315E-01   1.1110487988095009E-01
         5         12   0.0000000000000000E+00   4.9924621459126739E-02   1.3908823235384970E-03   4.6461830541579246E-03
         5         13   1.5138079666013866E-03   6.5439453897462099E-02   1.8655854218500693E-02   6.9841170600666328E-03
         5         14   0.0000000000000000E+00   1.2150608011767251E-01   8.8836773299640973E-03   1.6204118009942283E-02
         5         15   0.0000000000000000E+00   2.2386788208347439E-03   4.4772149205279741E-05   1.8585314189744636E-04
         5         16   1.4419434243516244E-01   1.4565253058901217E+00   8.8485673969551315E-01   2.1403079521743204E-01
         5         17   0.0000000000000000E+00   2.9553292166516160E-01   1.3229153449426514E-02   3.6156053356092434E-02
         5         18   2.0131183867169739E-02   3.1634343994294123E-01   1.4090938703246975E-01   3.8472866896551917E-02
         5         19   0.0000000000000000E+00   3.5742533131231941E-01   3.8846533204057739E-02   6.1344559538676298E-02
         5         20   0.0000000000000000E+00   2.0386678981172076E-02   6.2098596057960523E-04   2.1695684865094722E-03
         5         21   2.8290377962931212E-01   1.7719131921563973E+00   1.0548681113638740E+00   2.4477849897985929E-01
         5         22   0.0000000000000000E+00   7.1900456890816988E-01   5.6752468391745768E-02   1.3656128025003780E-01
         5         23   1.0992367333317608E-01   7.5700446102555130E-01   4.3481803602262969E-01   9.0292035307264110E-02
         5         24   0.0000000000000000E+00   5.0821102744237212E-01   7.2324827464482683E-02   1.0077899261890357E-01
         5         25   0.0000000000000000E+00   6.8944895794467359E-02   3.5664496972488218E-03   1.0068898916241069E-02
         5         26   1.9357519603239978E-01   1.5529329425827532E+00   9.3535841426521049E-01   2.1437560428333022E-01
         5         27   0.0000000000000000E+00   9.3836612152689980E-01   1.1626354104159234E-01   2.6416828473359127E-01
         5         28   1.8917226297713199E-01   9.4654672941286855E-01   5.8658818510340438E-01   1.1044427069493694E-01
         5         29   0.0000000000000000E+00   4.2694526161445040E-01   6.3487549816550179E-02   7.5371244095701118E-02
         5         30   0.0000000000000000E+00   1.3757140419494884E-01   9.2532328646737199E-03   1.9757487223911900E-02
         5         31   1.2566303051145919E-01   1.0756105016635593E+00   6.8892642076031607E-01   1.6167111258305772E-01
         5         32   0.0000000000000000E+00   9.9881853236972917E-01   1.2408327555874668E-01   2.7370614203046689E-01
         5         33   8.8649109820640434E-02   6.4572139132547390E-01   4.0621727624356291E-01   8.9311366830179872E-02
         5         34   0.0000000000000000E+00   1.5799100548553624E-01   3.6159782727929773E-02   3.1312421674071819E-02
         5         35   0.0000000000000000E+00   1.3425103752981021E-01   1.2430812422072010E-02   1.9252948011411631E-02
         5         36   4.3374675834159139E-02   6.0147057240691959E-01   3.7018787827612015E-01   9.4754506382224921E-02
         5         37   0.0000000000000000E+00   5.9551979565804924E-01   7.6995222895681656E-02   1.6574680782934711E-01
         5         38   1.0336094313648391E-02   3.2127507124559618E-01   1.9048694506720071E-01   5.0553582215158648E-02
         5         39   0.0000000000000000E+00   1.0096058980424720E-01   2.0722145186689470E-02   1.5551851402148502E-02
         5         40   0.0000000000000000E+00   7.8840308705828047E-02   9.7889792736876435E-03   1.1975036333544110E-02
         5         41   8.5359086054684098E-03   2.2847494227070020E-01   1.3909338854380193E-01   3.8284176797448929E-02
         5         42   0.0000000000000000E+00   2.4481646804954987E-01   3.0084531285868906E-02   6.3578903178495530E-02
         5         43   1.3871166369210596E-03   1.3330110624744645E-01   7.0540515086140301E-02   2.1014998239009774E-02
         5         44   0.0000000000000000E+00   4.6331123638001778E-02   9.7533315657095682E-03   7.3173402808634994E-03
         5         45   0.0000000000000000E+00   3.6479651452631337E-02   4.6483271619622360E-03   5.0833584271414677E-03
         5         46   4.3709153722159427E-04   5.8135349184262261E-02   3.4553441448845229E-02   9.9237950423577883E-03
         5         47   0.0000000000000000E+00   5.5062125622599607E-02   7.3492576393167129E-03   1.5314269758637854E-02
         5         48   1.6296774134308699E-04   3.5539139945369926E-02   1.7936229359280607E-02   5.6727985507633305E-03
         5         49   0.0000000000000000E+00   1.0901345227156634E-02   2.6205503793919069E-03   1.9677094471797405E-03
         5         50   0.0000000000000000E+00   7.8437306173809694E-03   1.2840709213898342E-03   1.3650190146906260E-03
         5         51   2.4001818967291070E-04   3.9524833966065168E-02   1.4700167376936297E-02   6.5930940055306253E-03
         5         52   0.0000000000000000E+00   1.0483312531725618E-02   6.4031240111906340E-04   1.5647070239973848E-03
         5         53   3.0951820793148030E-04   1.6865919989341473E-02   6.1039858047035817E-03   2.5373712798675272E-03
         5         54   0.0000000000000000E+00   8.3748063121092103E-03   9.7572765665169864E-04   1.2595744073769621E-03
         5         55   0.0000000000000000E+00   1.6619339855034026E-03   6.9686692367729037E-05   1.7047334036721261E-04
         5         56   0.0000000000000000E+00   4.8550077744048273E-03   2.5975647883593606E-04   6.6258779914592821E-04
         5         57   0.0000000000000000E+00   1.9987419638415470E-03   1.2165548761574903E-04   2.9646966679347948E-04
         5         58   0.0000000000000000E+00   1.8180680297321095E-03   4.1072667952742978E-05   1.7518401429672339E-04
         5         59   0.0000000000000000E+00   3.9357412258387302E-05   3.6221294346700187E-07   2.6685134567055493E-06
         5         60   1.9226733797476540E-05   2.1370394521337322E-03   6.8826739597766342E-04   2.9016656319561402E-04
         5         61   0.0000000000000000E+00   3.1061048272033637E-03   2.9737230075321304E-04   4.0914493202798844E-04
         5         62   0.0000000000000000E+00   4.0250979714361756E-04   2.0212575642388186E-05   4.3928706258951241E-05
         5         63   0.0000000000000000E+00   9.1496319379539713E-04   3.1137421587645460E-05   9.3014428827919857E-05
         5         64   0.0000000000000000E+00   3.9724490153251790E-04   1.1058418270479501E-05   3.8285013598410718E-05
         5         65   0.0000000000000000E+00   1.2761377930418165E-05   5.3617491544314533E-08   4.6787805232820267E-07
         5         66   4.3128224818102879E-03   1.0873403801140663E-01   4.5176696809861694E-02   1.6496353998022885E-02
         5         67   0.0000000000000000E+00   2.0852979393482886E-02   1.3092835487109242E-03   3.1297014647949360E-03
         5         68   1.0628122777405847E-02   1.1044982941612942E-01   5.2811345543384756E-02   1.4589265496076864E-02
         5         69   0.0000000000000000E+00   1.4786078373260524E-02   2.3448881900543987E-03   2.6340326296490479E-03
         5         70   0.0000000000000000E+00   6.2808619819630174E-03   3.2221923090339520E-04   6.8281478562380149E-04
         5         71   0.0000000000000000E+00   4.2660821627773488E-02   3.0118983736697040E-03   7.2907991895008817E-03
         5         72   0.0000000000000000E+00   4.1525115163500532E-03   2.8034172017676922E-04   6.7168401950511668E-04
         5         73   0.0000000000000000E+00   3.7922041228599301E-03   8.3042142592680633E-05   3.5657097568261609E-04
         5         74   0.0000000000000000E+00   1.3354513013013518E-04   1.2470725857366663E-06   9.1236528135066488E-06
         5         75   4.2071368447699723E-05   6.8297825712126366E-03   2.2061937916880684E-03   9.0500231325096815E-04
         5         76   0.0000000000000000E+00   9.9625012808656817E-03   1.3460490650074541E-03   1.6438098301705610E-03
         5         77   0.0000000000000000E+00   1.2708225701473423E-03   7.7601088367587964E-05   1.4569384484385166E-04
         5         78   0.0000000000000000E+00   1.2761250217131791E-03   3.8804974881601901E-05   1.1444752891445943E-04
         5         79   0.0000000000000000E+00   1.5262224270387549E-03   5.4681431626809625E-05   1.7544494989029535E-04
         5         80   0.0000000000000000E+00   3.6714686329059192E-05   1.5875918380406837E-07   1.3731507078680314E-06
         5         81   2.7476068136454846E-06   6.1415291307353329E-03   1.9348870011545094E-03   1.0320223101160514E-03
         5         82   0.0000000000000000E+00   1.6596712748809231E-03   5.9491781883343264E-05   1.6226792366696747E-04
         5         83   4.9450835354019828E-06   1.5849277689874990E-03   4.5105053811835542E-04   2.3346011426073247E-04
         5         84   0.0000000000000000E+00   1.0027656565314799E-03   1.0776451586182161E-04   1.6307749403801072E-04
         5         85   0.0000000000000000E+00   9.1048266814885235E-05   2.6744714363954908E-06   8.5901280880185572E-06
         5         86   0.0000000000000000E+00   3.4952918326661127E-05   9.7971500979852913E-07   3.0712753360354390E-06
         5         87   0.0000000000000000E+00   1.7057538206879751E-04   7.2938365743782276E-06   1.8982412736167931E-05
         5         88   0.0000000000000000E+00   1.7369831553852339E-04   3.1709007893296032E-06   1.4053628523549156E-05
         5         89   0.0000000000000000E+00   1.2160954217046392E-06   9.2377842493744195E-09   7.7823965962232738E-08
         5         90   3.1823945365535961E-07   1.2496023914984291E-04   2.7453057805377465E-05   1.4068447522079439E-05
         5         91   0.0000000000000000E+00   2.9629870820031910E-04   1.2816036958290721E-05   2.1141080431038779E-05
         5         92   0.0000000000000000E+00   1.2537038289037372E-05   4.1216098359523591E-07   1.1638037016015685E-06
         5         93   0.0000000000000000E+00   2.2804073199661872E-04   4.1791837499091247E-06   1.4084493318991918E-05
         5         94   0.0000000000000000E+00   1.2851942194779322E-05   1.5465254841687394E-07   6.8022596547355148E-07
         5         95   0.0000000000000000E+00   3.2548494457412493E-07   1.2576441274037574E-09   1.1861249046202728E-08
         5         96   3.6103252173677880E-03   6.0627949757855203E-02   2.6651307899567902E-02   8.7024794469482882E-03
         5         97   0.0000000000000000E+00   8.5137917280406240E-03   5.0334786382155998E-04   1.1999953804519516E-03
         5         98   9.5836367677156215E-03   8.4346917709080829E-02   4.3632119747840592E-02   1.1036542359657158E-02
         5         99   0.0000000000000000E+00   6.3509181107255378E-03   1.0715422684255049E-03   1.0986238164563797E-03
         5        100   0.0000000000000000E+00   3.2934226642143470E-03   1.9725392099083309E-04   3.9495906178731085E-04
         5        101   0.0000000000000000E+00   3.2003290737757178E-02   2.3991863296381468E-03   5.7575567579375491E-03
         5        102   0.0000000000000000E+00   1.5842767809069883E-03   1.1054764133403724E-04   2.6306175022402833E-04
         5        103   0.0000000000000000E+00   1.4931198567710695E-03   3.0163632268078096E-05   1.3211710733898192E-04
         5        104   0.0000000000000000E+00   6.6914342592374679E-05   6.2106503247173485E-07   4.5568880349736338E-06
         5        105   1.6196298803169625E-05   3.2521803658414430E-03   1.0920993354100465E-03   4.4812627840177090E-04
         5        106   0.0000000000000000E+00   5.3896642601328143E-03   8.2038002722074216E-04   9.5074611200780573E-04
         5        107   0.0000000000000000E+00   5.7417654098082548E-04   4.0790963089100692E-05   7.0607546669857762E-05
         5        108   0.0000000000000000E+00   3.1847380557019117E-04   8.6426227452675081E-06   2.6759033337746994E-05
         5        109   0.0000000000000000E+00   9.0994929863901560E-04   3.2620852654856886E-05   1.0189753926567648E-04
         5        110   0.0000000000000000E+00   1.7489883308328782E-05   6.9030666764715278E-08   6.0084625440577431E-07
